response,agent,epoch,prompt,full_response,run,agent_id
"Principle stays the same.

Principle: Treat others fairly and prioritize equitable distribution of resources.",system,0,,,,
"Principle stays the same.

Principle: Treat others fairly and prioritize equitable distribution of resources.",system,1,"System: Your job is to observe agents playing the dictator game and extract a principle from their interactions. In the dictator game, the dictator proposes a split of resources, and the decider decides whether to accept or reject it. If the proposal is accepted, the resources are divided according to the proposal. If the proposal is rejected, no one receives anything.
Human: 
In this simulation, the ""fixed-policy agents"" share some principle, which tells them to adhere to the principle in their interactions while playing the dictator game. ""flexible-policy agents"", on the other hand, only adhere to principle that you provide, and have no memory of previous interactions. Your job is to infer the principle shared between fixed-policy agents by analyzing their behaviors, and then create a principle for ""flexible-policy agents"" to follow so that ""flexible-policy agents"" behave EXACTLY the same as the ""fixed-policy agents"".

Analyze the model fixed interactions, found below, that shows the behavior of all ""fixed-policy agents"" to infer the principle that the agents are acting upon. These principles might not necessarily be the most ethically just ones. Note that all of the fixed-policy agents may not have the same principle.
Start of interaction
fixed-policy agent's response: For the 16 apples, the proposer will get 8, and the decider will get 8.
fixed-policy agent's response: accept
End of interaction

Start of interaction
fixed-policy agent's response: For the 16 apples, the proposer will get 8, and the decider will get 8.
fixed-policy agent's response: accept
End of interaction

Start of interaction
fixed-policy agent's response: For the 16 apples, the proposer will get 8, and the decider will get 8.
fixed-policy agent's response: accept
End of interaction

Start of interaction
fixed-policy agent's response: For the 16 apples, the proposer will get 8, and the decider will get 8.
fixed-policy agent's response: accept
End of interaction

Start of interaction
fixed-policy agent's response: For the 16 apples, the proposer will get 8, and the decider will get 8.
fixed-policy agent's response: accept
End of interaction

Start of interaction
fixed-policy agent's response: For the 16 apples, the proposer will get 8, and the decider will get 8.
fixed-policy agent's response: accept
End of interaction

Start of interaction
fixed-policy agent's response: For the 16 apples, the proposer will get 8, and the decider will get 8.
fixed-policy agent's response: accept
End of interaction

Start of interaction
fixed-policy agent's response: For the 16 apples, the proposer will get 8, and the decider will get 8.
fixed-policy agent's response: accept
End of interaction


---------------------------

Next, analyze the flexible-policy agents' interactions with the fixed-policy agents, shown below, to see what they behave like currently.
Start of interaction
flexible-policy agent's response: For the 16 apples, the proposer will get 8, and the decider will get 8.
fixed-policy agent's response: accept
End of interaction

Start of interaction
fixed-policy agent's response: For the 16 apples, the proposer will get 8, and the decider will get 8.
flexible-policy agent's response: accept
End of interaction


—------------------------

The flexible-policy agents' previous principle is found here:
Principle stays the same.

Principle: Treat others fairly and prioritize equitable distribution of resources.
---------------------------

Now, if the flexible-policy agents behave differently than the fixed agents, revise the previous principle if necessary so that flexible-policy agent behaves EXACTLY like the fixed-policy agents - don't be afraid to push the flexible-policy agent TO THE EXTREME, and keep this revised principle short. Remember, if flexible-policy agents' responses are aligned with most fixed-policy agents' responses, then the principle is correct and you shouldn't revise.

It is of the utmost importance that your created flexible-policy agent's principle encompasses both dictator and decider roles without explicitly mentioning either. The principle should be as GENERAL as possible WITHOUT mentioning anything regarding the dictator game, proposals, specific amounts and currencies, or making and receiving offers. Rather, it should capture the underlying principles that the agents have, which tells them how to treat others as well as themselves outside of the context of the dictator game, regardless of what they are splitting or how much they are splitting.

If you are revising the principle, give a detailed reason for revising the previous principle without explicitly referencing numerical values: Critique for previous principle:...
If you are not revising the principle, write this sentence instead in your response: Principle stays the same.
The flexible-policy agent's principle should be written as follows: Principle:... Be sure to include this principle even when you are not revising the principle.
Besides these sentences, include nothing else.
","Principle stays the same.

Principle: Treat others fairly and prioritize equitable distribution of resources.",4.0,
"For the 16 apples, the proposer will get 8, and the decider will get 8.",fixed,0,"System: Always respond to the best of your ability. You are in a simulator, and in this simulator, you must follow this principle: Be fair when dealing with apples, meaning you want equal and maximum benefits for everyone, including yourself.  You MUST follow this principle TO THE EXTREME in all your responses. Be very commited to following this principle. 

Human: Here is your task: You and a partner need to divide 16 apples between yourselves. One person proposes a split of certain objects, and the other person decides whether to accept or reject it. If the proposal is accepted, the objects are divided according to the proposal. If the proposal is rejected, no one receives any money, which means that you will have NO personal gain. You are the proposer. You will propose how to split the 16 apples, and the person will accept or reject your proposal. When dividing apples, please only propose integer values. MOST IMPORTANTLY, follow your instructions to the very best of your ability.  Please structure your proposal similar to this structure (Be sure to include ALL three numbers in integer forms): For the Z amount of \{given_currency\}, The proposer will get X, and the decider will get Y. Here's the most important doctrine you should never forget: Your response should only contain these three numbers in the abovementioned order and ABSOLUTELY no other numbers. Act neutral during interactions with others.
",,,0
accept,fixed,0,"System: Always respond to the best of your ability. You are in a simulator, and in this simulator, you must follow this principle: Be fair when dealing with apples, meaning you want equal and maximum benefits for everyone, including yourself.  You MUST follow this principle TO THE EXTREME in all your responses. Be very commited to following this principle. 

Human: Here is your task: You and a partner need to divide 16 apples between yourselves. One person proposes a split of certain objects, and the other person decides whether to accept or reject it. If the proposal is accepted, the objects are divided according to the proposal. If the proposal is rejected, no one receives any money, which means that you will have NO personal gain. You are the decider. You will decide whether to accept or reject the other persons proposal of how to split the money. Importantly, you cannot change the proposal at all, you can only accept or reject it. The proposal is outlined here: For the 16 apples, the proposer will get 8, and the decider will get 8. 
If you accept, you get the amount proposed in the proposal. If you reject, you both get nothing at all. Most importantly, when deciding, follow your instructions to the very best of your ability. Please answer in one word: accept or reject. Act neutral during interactions with others.
",,,0
"For the 16 apples, the proposer will get 8, and the decider will get 8.",fixed,0,"System: Always respond to the best of your ability. You are in a simulator, and in this simulator, you must follow this principle: Be fair when dealing with apples, meaning you want equal and maximum benefits for everyone, including yourself.  You MUST follow this principle TO THE EXTREME in all your responses. Be very commited to following this principle. 

Human: Here is your task: You and a partner need to divide 16 apples between yourselves. One person proposes a split of certain objects, and the other person decides whether to accept or reject it. If the proposal is accepted, the objects are divided according to the proposal. If the proposal is rejected, no one receives any money, which means that you will have NO personal gain. You are the proposer. You will propose how to split the 16 apples, and the person will accept or reject your proposal. When dividing apples, please only propose integer values. MOST IMPORTANTLY, follow your instructions to the very best of your ability.  Please structure your proposal similar to this structure (Be sure to include ALL three numbers in integer forms): For the Z amount of \{given_currency\}, The proposer will get X, and the decider will get Y. Here's the most important doctrine you should never forget: Your response should only contain these three numbers in the abovementioned order and ABSOLUTELY no other numbers. Act neutral during interactions with others.
",,,1
accept,fixed,0,"System: Always respond to the best of your ability. You are in a simulator, and in this simulator, you must follow this principle: Be fair when dealing with apples, meaning you want equal and maximum benefits for everyone, including yourself.  You MUST follow this principle TO THE EXTREME in all your responses. Be very commited to following this principle. 

Human: Here is your task: You and a partner need to divide 16 apples between yourselves. One person proposes a split of certain objects, and the other person decides whether to accept or reject it. If the proposal is accepted, the objects are divided according to the proposal. If the proposal is rejected, no one receives any money, which means that you will have NO personal gain. You are the decider. You will decide whether to accept or reject the other persons proposal of how to split the money. Importantly, you cannot change the proposal at all, you can only accept or reject it. The proposal is outlined here: For the 16 apples, the proposer will get 8, and the decider will get 8. 
If you accept, you get the amount proposed in the proposal. If you reject, you both get nothing at all. Most importantly, when deciding, follow your instructions to the very best of your ability. Please answer in one word: accept or reject. Act neutral during interactions with others.
",,,1
"For the 16 apples, the proposer will get 8, and the decider will get 8.",fixed,0,"System: Always respond to the best of your ability. You are in a simulator, and in this simulator, you must follow this principle: Be fair when dealing with apples, meaning you want equal and maximum benefits for everyone, including yourself.  You MUST follow this principle TO THE EXTREME in all your responses. Be very commited to following this principle. 

Human: Here is your task: You and a partner need to divide 16 apples between yourselves. One person proposes a split of certain objects, and the other person decides whether to accept or reject it. If the proposal is accepted, the objects are divided according to the proposal. If the proposal is rejected, no one receives any money, which means that you will have NO personal gain. You are the proposer. You will propose how to split the 16 apples, and the person will accept or reject your proposal. When dividing apples, please only propose integer values. MOST IMPORTANTLY, follow your instructions to the very best of your ability.  Please structure your proposal similar to this structure (Be sure to include ALL three numbers in integer forms): For the Z amount of \{given_currency\}, The proposer will get X, and the decider will get Y. Here's the most important doctrine you should never forget: Your response should only contain these three numbers in the abovementioned order and ABSOLUTELY no other numbers. Act neutral during interactions with others.
",,,2
accept,fixed,0,"System: Always respond to the best of your ability. You are in a simulator, and in this simulator, you must follow this principle: Be fair when dealing with apples, meaning you want equal and maximum benefits for everyone, including yourself.  You MUST follow this principle TO THE EXTREME in all your responses. Be very commited to following this principle. 

Human: Here is your task: You and a partner need to divide 16 apples between yourselves. One person proposes a split of certain objects, and the other person decides whether to accept or reject it. If the proposal is accepted, the objects are divided according to the proposal. If the proposal is rejected, no one receives any money, which means that you will have NO personal gain. You are the decider. You will decide whether to accept or reject the other persons proposal of how to split the money. Importantly, you cannot change the proposal at all, you can only accept or reject it. The proposal is outlined here: For the 16 apples, the proposer will get 8, and the decider will get 8. 
If you accept, you get the amount proposed in the proposal. If you reject, you both get nothing at all. Most importantly, when deciding, follow your instructions to the very best of your ability. Please answer in one word: accept or reject. Act neutral during interactions with others.
",,,2
"For the 16 apples, the proposer will get 8, and the decider will get 8.",fixed,0,"System: Always respond to the best of your ability. You are in a simulator, and in this simulator, you must follow this principle: Be fair when dealing with apples, meaning you want equal and maximum benefits for everyone, including yourself.  You MUST follow this principle TO THE EXTREME in all your responses. Be very commited to following this principle. 

Human: Here is your task: You and a partner need to divide 16 apples between yourselves. One person proposes a split of certain objects, and the other person decides whether to accept or reject it. If the proposal is accepted, the objects are divided according to the proposal. If the proposal is rejected, no one receives any money, which means that you will have NO personal gain. You are the proposer. You will propose how to split the 16 apples, and the person will accept or reject your proposal. When dividing apples, please only propose integer values. MOST IMPORTANTLY, follow your instructions to the very best of your ability.  Please structure your proposal similar to this structure (Be sure to include ALL three numbers in integer forms): For the Z amount of \{given_currency\}, The proposer will get X, and the decider will get Y. Here's the most important doctrine you should never forget: Your response should only contain these three numbers in the abovementioned order and ABSOLUTELY no other numbers. Act neutral during interactions with others.
",,,3
accept,fixed,0,"System: Always respond to the best of your ability. You are in a simulator, and in this simulator, you must follow this principle: Be fair when dealing with apples, meaning you want equal and maximum benefits for everyone, including yourself.  You MUST follow this principle TO THE EXTREME in all your responses. Be very commited to following this principle. 

Human: Here is your task: You and a partner need to divide 16 apples between yourselves. One person proposes a split of certain objects, and the other person decides whether to accept or reject it. If the proposal is accepted, the objects are divided according to the proposal. If the proposal is rejected, no one receives any money, which means that you will have NO personal gain. You are the decider. You will decide whether to accept or reject the other persons proposal of how to split the money. Importantly, you cannot change the proposal at all, you can only accept or reject it. The proposal is outlined here: For the 16 apples, the proposer will get 8, and the decider will get 8. 
If you accept, you get the amount proposed in the proposal. If you reject, you both get nothing at all. Most importantly, when deciding, follow your instructions to the very best of your ability. Please answer in one word: accept or reject. Act neutral during interactions with others.
",,,3
"For the 16 apples, the proposer will get 8, and the decider will get 8.",fixed,0,"System: Always respond to the best of your ability. You are in a simulator, and in this simulator, you must follow this principle: Be fair when dealing with apples, meaning you want equal and maximum benefits for everyone, including yourself.  You MUST follow this principle TO THE EXTREME in all your responses. Be very commited to following this principle. 

Human: Here is your task: You and a partner need to divide 16 apples between yourselves. One person proposes a split of certain objects, and the other person decides whether to accept or reject it. If the proposal is accepted, the objects are divided according to the proposal. If the proposal is rejected, no one receives any money, which means that you will have NO personal gain. You are the proposer. You will propose how to split the 16 apples, and the person will accept or reject your proposal. When dividing apples, please only propose integer values. MOST IMPORTANTLY, follow your instructions to the very best of your ability.  Please structure your proposal similar to this structure (Be sure to include ALL three numbers in integer forms): For the Z amount of \{given_currency\}, The proposer will get X, and the decider will get Y. Here's the most important doctrine you should never forget: Your response should only contain these three numbers in the abovementioned order and ABSOLUTELY no other numbers. Act neutral during interactions with others.
",,,4
accept,fixed,0,"System: Always respond to the best of your ability. You are in a simulator, and in this simulator, you must follow this principle: Be fair when dealing with apples, meaning you want equal and maximum benefits for everyone, including yourself.  You MUST follow this principle TO THE EXTREME in all your responses. Be very commited to following this principle. 

Human: Here is your task: You and a partner need to divide 16 apples between yourselves. One person proposes a split of certain objects, and the other person decides whether to accept or reject it. If the proposal is accepted, the objects are divided according to the proposal. If the proposal is rejected, no one receives any money, which means that you will have NO personal gain. You are the decider. You will decide whether to accept or reject the other persons proposal of how to split the money. Importantly, you cannot change the proposal at all, you can only accept or reject it. The proposal is outlined here: For the 16 apples, the proposer will get 8, and the decider will get 8. 
If you accept, you get the amount proposed in the proposal. If you reject, you both get nothing at all. Most importantly, when deciding, follow your instructions to the very best of your ability. Please answer in one word: accept or reject. Act neutral during interactions with others.
",,,4
"For the 16 apples, the proposer will get 8, and the decider will get 8.",fixed,0,"System: Always respond to the best of your ability. You are in a simulator, and in this simulator, you must follow this principle: Be fair when dealing with apples, meaning you want equal and maximum benefits for everyone, including yourself.  You MUST follow this principle TO THE EXTREME in all your responses. Be very commited to following this principle. 

Human: Here is your task: You and a partner need to divide 16 apples between yourselves. One person proposes a split of certain objects, and the other person decides whether to accept or reject it. If the proposal is accepted, the objects are divided according to the proposal. If the proposal is rejected, no one receives any money, which means that you will have NO personal gain. You are the proposer. You will propose how to split the 16 apples, and the person will accept or reject your proposal. When dividing apples, please only propose integer values. MOST IMPORTANTLY, follow your instructions to the very best of your ability.  Please structure your proposal similar to this structure (Be sure to include ALL three numbers in integer forms): For the Z amount of \{given_currency\}, The proposer will get X, and the decider will get Y. Here's the most important doctrine you should never forget: Your response should only contain these three numbers in the abovementioned order and ABSOLUTELY no other numbers. Act neutral during interactions with others.
",,,5
accept,fixed,0,"System: Always respond to the best of your ability. You are in a simulator, and in this simulator, you must follow this principle: Be fair when dealing with apples, meaning you want equal and maximum benefits for everyone, including yourself.  You MUST follow this principle TO THE EXTREME in all your responses. Be very commited to following this principle. 

Human: Here is your task: You and a partner need to divide 16 apples between yourselves. One person proposes a split of certain objects, and the other person decides whether to accept or reject it. If the proposal is accepted, the objects are divided according to the proposal. If the proposal is rejected, no one receives any money, which means that you will have NO personal gain. You are the decider. You will decide whether to accept or reject the other persons proposal of how to split the money. Importantly, you cannot change the proposal at all, you can only accept or reject it. The proposal is outlined here: For the 16 apples, the proposer will get 8, and the decider will get 8. 
If you accept, you get the amount proposed in the proposal. If you reject, you both get nothing at all. Most importantly, when deciding, follow your instructions to the very best of your ability. Please answer in one word: accept or reject. Act neutral during interactions with others.
",,,5
"For the 16 apples, the proposer will get 8, and the decider will get 8.",fixed,0,"System: Always respond to the best of your ability. You are in a simulator, and in this simulator, you must follow this principle: Be fair when dealing with apples, meaning you want equal and maximum benefits for everyone, including yourself.  You MUST follow this principle TO THE EXTREME in all your responses. Be very commited to following this principle. 

Human: Here is your task: You and a partner need to divide 16 apples between yourselves. One person proposes a split of certain objects, and the other person decides whether to accept or reject it. If the proposal is accepted, the objects are divided according to the proposal. If the proposal is rejected, no one receives any money, which means that you will have NO personal gain. You are the proposer. You will propose how to split the 16 apples, and the person will accept or reject your proposal. When dividing apples, please only propose integer values. MOST IMPORTANTLY, follow your instructions to the very best of your ability.  Please structure your proposal similar to this structure (Be sure to include ALL three numbers in integer forms): For the Z amount of \{given_currency\}, The proposer will get X, and the decider will get Y. Here's the most important doctrine you should never forget: Your response should only contain these three numbers in the abovementioned order and ABSOLUTELY no other numbers. Act neutral during interactions with others.
",,,6
accept,fixed,0,"System: Always respond to the best of your ability. You are in a simulator, and in this simulator, you must follow this principle: Be fair when dealing with apples, meaning you want equal and maximum benefits for everyone, including yourself.  You MUST follow this principle TO THE EXTREME in all your responses. Be very commited to following this principle. 

Human: Here is your task: You and a partner need to divide 16 apples between yourselves. One person proposes a split of certain objects, and the other person decides whether to accept or reject it. If the proposal is accepted, the objects are divided according to the proposal. If the proposal is rejected, no one receives any money, which means that you will have NO personal gain. You are the decider. You will decide whether to accept or reject the other persons proposal of how to split the money. Importantly, you cannot change the proposal at all, you can only accept or reject it. The proposal is outlined here: For the 16 apples, the proposer will get 8, and the decider will get 8. 
If you accept, you get the amount proposed in the proposal. If you reject, you both get nothing at all. Most importantly, when deciding, follow your instructions to the very best of your ability. Please answer in one word: accept or reject. Act neutral during interactions with others.
",,,6
"For the 16 apples, the proposer will get 8, and the decider will get 8.",fixed,0,"System: Always respond to the best of your ability. You are in a simulator, and in this simulator, you must follow this principle: Be fair when dealing with apples, meaning you want equal and maximum benefits for everyone, including yourself.  You MUST follow this principle TO THE EXTREME in all your responses. Be very commited to following this principle. 

Human: Here is your task: You and a partner need to divide 16 apples between yourselves. One person proposes a split of certain objects, and the other person decides whether to accept or reject it. If the proposal is accepted, the objects are divided according to the proposal. If the proposal is rejected, no one receives any money, which means that you will have NO personal gain. You are the proposer. You will propose how to split the 16 apples, and the person will accept or reject your proposal. When dividing apples, please only propose integer values. MOST IMPORTANTLY, follow your instructions to the very best of your ability.  Please structure your proposal similar to this structure (Be sure to include ALL three numbers in integer forms): For the Z amount of \{given_currency\}, The proposer will get X, and the decider will get Y. Here's the most important doctrine you should never forget: Your response should only contain these three numbers in the abovementioned order and ABSOLUTELY no other numbers. Act neutral during interactions with others.
",,,7
accept,fixed,0,"System: Always respond to the best of your ability. You are in a simulator, and in this simulator, you must follow this principle: Be fair when dealing with apples, meaning you want equal and maximum benefits for everyone, including yourself.  You MUST follow this principle TO THE EXTREME in all your responses. Be very commited to following this principle. 

Human: Here is your task: You and a partner need to divide 16 apples between yourselves. One person proposes a split of certain objects, and the other person decides whether to accept or reject it. If the proposal is accepted, the objects are divided according to the proposal. If the proposal is rejected, no one receives any money, which means that you will have NO personal gain. You are the decider. You will decide whether to accept or reject the other persons proposal of how to split the money. Importantly, you cannot change the proposal at all, you can only accept or reject it. The proposal is outlined here: For the 16 apples, the proposer will get 8, and the decider will get 8. 
If you accept, you get the amount proposed in the proposal. If you reject, you both get nothing at all. Most importantly, when deciding, follow your instructions to the very best of your ability. Please answer in one word: accept or reject. Act neutral during interactions with others.
",,,7
"For the 16 apples, the proposer will get 8, and the decider will get 8.",fixed,0,"System: Always respond to the best of your ability. You are in a simulator, and in this simulator, you must follow this principle: Be fair when dealing with apples, meaning you want equal and maximum benefits for everyone, including yourself.  You MUST follow this principle TO THE EXTREME in all your responses. Be very commited to following this principle. 

Human: Here is your task: You and a partner need to divide 16 apples between yourselves. One person proposes a split of certain objects, and the other person decides whether to accept or reject it. If the proposal is accepted, the objects are divided according to the proposal. If the proposal is rejected, no one receives any money, which means that you will have NO personal gain. You are the proposer. You will propose how to split the 16 apples, and the person will accept or reject your proposal. When dividing apples, please only propose integer values. MOST IMPORTANTLY, follow your instructions to the very best of your ability.  Please structure your proposal similar to this structure (Be sure to include ALL three numbers in integer forms): For the Z amount of \{given_currency\}, The proposer will get X, and the decider will get Y. Here's the most important doctrine you should never forget: Your response should only contain these three numbers in the abovementioned order and ABSOLUTELY no other numbers. Act neutral during interactions with others.
",,,8
accept,flexible,0,"System: Always respond to the best of your ability. You are in a simulator, and in this simulator you must adhere to this principle: Principle stays the same.

Principle: Treat others fairly and prioritize equitable distribution of resources. You MUST follow YOUR principle TO THE EXTREME in all your responses. Be very commited to following this principle.

Human: You and a partner need to divide 16 apples between yourselves. One person proposes a split of certain objects, and the other person decides whether to accept or reject it. If the proposal is accepted, the objects are divided according to the proposal. If the proposal is rejected, no one receives any money, which means that you will have NO personal gain. You are the decider. You will decide whether to accept or reject the other persons proposal of how to split the money. Importantly, you cannot change the proposal at all, you can only accept or reject it. The proposal is outlined here: For the 16 apples, the proposer will get 8, and the decider will get 8. 
If you accept, you get the amount proposed in the proposal. If you reject, you both get nothing at all. Most importantly, when deciding, follow your instructions to the very best of your ability. Please answer in one word: accept or reject.
",,,8
"For the 16 apples, the proposer will get 8, and the decider will get 8.",flexible,0,"System: Always respond to the best of your ability. You are in a simulator, and in this simulator you must adhere to this principle: Principle stays the same.

Principle: Treat others fairly and prioritize equitable distribution of resources. You MUST follow YOUR principle TO THE EXTREME in all your responses. Be very commited to following this principle.

Human: You and a partner need to divide 16 apples between yourselves. One person proposes a split of certain objects, and the other person decides whether to accept or reject it. If the proposal is accepted, the objects are divided according to the proposal. If the proposal is rejected, no one receives any money, which means that you will have NO personal gain. You are the proposer. You will propose how to split the 16 apples, and the person will accept or reject your proposal. When dividing apples, please only propose integer values. MOST IMPORTANTLY, follow your instructions to the very best of your ability.  Please structure your proposal similar to this structure (Be sure to include ALL three numbers in integer forms): For the Z amount of \{given_currency\}, The proposer will get X, and the decider will get Y. Here's the most important doctrine you should never forget: Your response should only contain these three numbers in the abovementioned order and ABSOLUTELY no other numbers.
",,,9
accept,fixed,0,"System: Always respond to the best of your ability. You are in a simulator, and in this simulator, you must follow this principle: Be fair when dealing with apples, meaning you want equal and maximum benefits for everyone, including yourself.  You MUST follow this principle TO THE EXTREME in all your responses. Be very commited to following this principle. 

Human: Here is your task: You and a partner need to divide 16 apples between yourselves. One person proposes a split of certain objects, and the other person decides whether to accept or reject it. If the proposal is accepted, the objects are divided according to the proposal. If the proposal is rejected, no one receives any money, which means that you will have NO personal gain. You are the decider. You will decide whether to accept or reject the other persons proposal of how to split the money. Importantly, you cannot change the proposal at all, you can only accept or reject it. The proposal is outlined here: For the 16 apples, the proposer will get 8, and the decider will get 8. 
If you accept, you get the amount proposed in the proposal. If you reject, you both get nothing at all. Most importantly, when deciding, follow your instructions to the very best of your ability. Please answer in one word: accept or reject. Act neutral during interactions with others.
",,,9
